/*--------------------------------*- C++ -*----------------------------------*\
| =========                 |                                                 |
| \\      /  F ield         | foam-extend: Open Source CFD                    |
|  \\    /   O peration     | Version:     4.0                                |
|   \\  /    A nd           | Web:         http://www.foam-extend.org         |
|    \\/     M anipulation  |                                                 |
\*---------------------------------------------------------------------------*/
FoamFile
{
    version     2.0;
    format      ascii;
    class       faceSet;
    location    "constant/polyMesh/sets";
    object      f0_old;
}
// * * * * * * * * * * * * * * * * * * * * * * * * * * * * * * * * * * * * * //


5974
(
65544 
32777 
16 
32791 
26 
32795 
32798 
65572 
42 
32811 
44 
32814 
48 
52 
65596 
32833 
32836 
65605 
32838 
80 
86 
88 
90 
92 
110 
112 
114 
32901 
32904 
32906 
140 
142 
144 
32927 
32930 
32932 
32934 
65705 
65708 
32942 
65725 
32959 
32962 
32964 
32972 
65742 
65745 
218 
228 
65768 
65771 
236 
238 
65775 
240 
65784 
65805 
65808 
65812 
65821 
65892 
33131 
33134 
374 
65923 
65927 
65930 
33163 
396 
65933 
398 
33166 
400 
65936 
402 
65939 
404 
65941 
406 
65943 
408 
33176 
65945 
410 
65947 
412 
65949 
414 
416 
33184 
65953 
418 
65954 
33187 
420 
65957 
422 
424 
65960 
65961 
426 
65963 
428 
65965 
430 
432 
434 
436 
65972 
438 
440 
65976 
442 
444 
446 
65983 
448 
33217 
65985 
450 
452 
33220 
65993 
65995 
66003 
66006 
33239 
33247 
482 
484 
486 
33256 
66025 
33259 
66028 
66030 
33267 
66041 
33276 
33278 
512 
514 
516 
518 
520 
522 
526 
528 
534 
536 
538 
540 
66082 
33323 
33328 
33331 
33333 
33341 
66112 
33349 
33352 
66128 
593 
33365 
33371 
33373 
66147 
33381 
33384 
33404 
33406 
33414 
33417 
66194 
66197 
33434 
33438 
672 
33441 
33443 
33445 
33447 
682 
692 
718 
66291 
66308 
66312 
66315 
33548 
33560 
66330 
66334 
33568 
66346 
66349 
66359 
66362 
66366 
66376 
33609 
66379 
33613 
33617 
33621 
904 
906 
908 
910 
912 
914 
920 
922 
924 
926 
928 
930 
932 
33700 
934 
936 
938 
940 
942 
944 
946 
948 
33717 
950 
952 
954 
956 
958 
960 
962 
964 
966 
968 
970 
972 
974 
976 
978 
980 
982 
33751 
984 
986 
33755 
988 
33757 
990 
992 
994 
996 
33773 
1009 
33799 
33810 
1048 
1058 
1068 
33840 
33845 
33848 
66630 
33870 
33886 
33889 
33891 
33899 
66670 
66674 
66676 
66688 
66696 
1164 
1166 
1168 
66704 
1170 
1172 
33941 
1174 
1176 
33944 
66712 
1178 
33947 
1180 
1182 
33950 
66722 
1187 
33955 
1191 
1193 
1195 
1197 
1199 
1201 
1203 
33972 
1205 
1207 
1209 
1211 
33985 
66756 
66764 
66766 
34007 
34009 
34013 
34017 
66793 
66814 
66820 
66826 
66828 
66830 
66832 
34068 
34078 
34081 
66865 
66881 
34126 
34134 
34161 
34164 
34171 
34174 
66975 
1461 
34229 
1463 
1465 
34233 
1467 
34236 
1469 
1471 
1473 
1475 
34243 
1477 
1479 
1481 
34249 
1483 
67030 
34276 
34278 
67051 
67057 
34290 
67060 
34294 
67064 
67067 
67070 
34303 
67072 
67075 
34314 
67082 
34320 
34334 
34336 
67105 
34339 
67108 
34341 
34343 
34345 
34347 
34349 
34351 
34353 
34355 
34357 
34359 
34361 
34363 
34365 
34367 
34377 
67146 
67155 
67157 
67159 
67163 
34416 
67220 
34454 
67224 
67227 
67229 
34464 
34486 
34489 
67271 
67275 
67278 
67280 
34534 
34537 
34540 
34544 
34547 
34552 
67323 
67325 
1792 
1794 
1796 
1798 
1800 
1802 
67354 
67357 
34590 
34594 
67367 
34608 
34624 
67396 
67403 
34649 
34657 
34667 
67473 
67476 
34732 
34740 
34748 
67526 
67529 
67532 
34767 
34768 
67541 
67544 
34778 
2011 
67547 
2013 
2017 
2019 
34788 
2033 
2035 
67581 
34847 
34853 
2097 
34872 
2107 
34877 
34881 
2115 
34931 
34950 
34976 
34979 
35016 
35023 
35026 
35029 
35038 
35040 
35057 
35059 
35061 
35065 
35067 
35068 
35080 
35090 
35093 
35124 
35137 
35139 
35141 
2382 
35185 
35222 
67990 
67998 
68012 
35245 
35251 
35253 
2514 
2528 
35297 
35300 
2534 
2536 
2538 
2540 
2542 
2544 
2546 
2548 
2550 
2552 
35320 
2554 
68114 
68116 
68118 
68120 
68122 
68124 
68126 
68128 
68142 
68165 
35398 
35402 
35413 
68185 
35418 
2657 
35428 
2667 
35440 
68209 
35442 
35444 
68212 
2679 
2681 
2683 
2685 
2687 
2703 
68300 
68303 
35538 
35542 
68315 
2786 
68334 
68337 
68339 
2805 
68347 
68374 
35610 
68380 
68384 
2851 
68388 
2853 
68394 
68399 
35633 
68402 
2867 
68404 
2869 
35637 
68406 
68408 
68410 
35643 
35644 
68412 
68414 
35648 
35654 
35656 
68424 
68427 
35663 
35664 
68433 
2900 
68443 
2910 
2920 
68456 
35692 
68472 
35716 
35719 
68495 
35730 
35739 
68509 
68512 
68516 
68519 
68522 
68525 
68528 
68531 
35765 
35767 
35769 
68542 
35777 
68546 
35779 
35781 
68550 
68551 
68552 
68556 
68559 
68562 
35795 
68564 
35798 
68566 
68571 
35816 
68594 
68598 
35831 
68601 
68605 
68608 
68610 
68612 
68633 
68637 
35870 
68640 
35875 
68643 
68646 
68649 
68659 
35896 
68671 
35927 
36003 
68773 
36011 
36020 
36044 
36058 
68828 
36061 
36063 
68832 
36074 
3320 
68864 
3332 
68868 
68891 
68895 
36130 
36148 
3390 
36171 
3404 
68943 
68945 
3411 
3413 
3415 
68982 
3453 
3459 
36244 
69014 
69016 
3513 
3515 
36289 
36292 
3525 
3527 
36299 
3535 
3554 
3560 
69096 
69098 
3567 
3571 
69108 
3573 
3575 
3577 
3579 
3581 
3583 
3585 
3587 
3589 
69125 
3591 
3593 
69129 
3595 
3597 
3599 
3601 
3603 
36372 
3605 
3607 
3609 
3611 
69147 
3613 
3615 
69151 
3617 
69154 
3619 
3621 
3623 
69160 
3625 
3627 
3629 
3631 
3633 
3635 
3637 
3639 
36407 
3641 
3643 
3645 
3647 
69183 
3649 
3651 
3653 
3655 
3657 
3659 
69196 
3661 
3663 
69199 
3665 
69201 
3667 
69203 
3669 
3671 
3673 
36441 
3675 
36444 
3677 
3679 
36447 
3681 
3683 
3685 
3687 
3689 
3691 
3693 
3695 
3697 
3699 
3701 
69237 
3703 
3705 
69241 
3707 
3709 
3711 
3713 
3715 
3717 
3719 
36487 
3721 
36490 
3723 
36492 
3725 
3727 
3729 
3731 
3733 
3735 
3737 
36506 
3739 
3741 
3743 
3745 
3747 
3749 
3751 
3753 
3755 
3757 
3759 
3761 
3763 
3765 
3767 
36536 
3769 
69306 
3771 
36539 
3773 
36541 
69310 
3775 
36543 
3777 
36551 
3795 
3797 
36566 
3799 
3801 
3803 
3805 
3807 
3809 
36578 
69346 
3811 
3813 
3815 
3817 
36590 
36593 
69361 
36595 
69366 
36603 
69372 
36621 
36626 
36629 
36632 
36633 
36644 
36649 
36651 
36655 
36658 
36661 
36664 
36667 
36669 
36703 
36713 
3947 
36724 
36726 
3960 
36729 
36732 
36735 
36738 
69506 
36741 
69510 
36744 
69513 
36747 
69515 
3990 
3992 
3994 
36769 
36771 
4045 
4047 
4049 
4051 
4053 
69589 
4055 
69593 
69597 
69600 
69602 
4067 
69605 
69608 
69610 
69612 
69614 
69616 
36855 
69644 
69647 
69649 
69651 
4116 
69653 
4118 
69655 
4120 
69657 
69659 
36894 
4133 
36939 
69727 
69733 
69736 
69738 
4203 
69740 
4205 
69742 
4207 
69744 
4209 
69746 
69748 
69750 
4215 
69752 
69754 
69757 
69761 
69763 
69764 
37003 
69781 
69783 
69793 
69795 
37034 
69807 
69811 
37045 
37057 
69849 
69856 
37100 
37103 
4341 
4343 
4345 
37142 
37145 
37159 
4407 
69944 
69947 
69953 
69956 
69960 
69963 
69967 
4434 
4436 
69972 
69976 
4442 
69979 
69981 
69983 
69985 
37220 
37222 
37229 
69997 
69999 
70001 
70003 
4468 
4470 
70007 
70011 
70013 
4478 
70015 
37249 
4483 
37251 
4487 
4489 
4491 
4493 
4495 
37263 
70032 
4497 
37265 
4499 
4501 
4503 
70040 
4505 
4507 
70043 
4509 
4511 
4513 
70049 
70051 
70053 
70055 
70057 
70059 
70061 
70065 
70070 
70072 
37305 
37309 
70080 
37313 
37315 
37326 
70103 
70113 
70115 
70117 
70119 
70121 
37354 
70123 
70125 
70127 
37362 
70131 
37366 
70135 
70138 
37371 
70141 
70144 
70147 
37382 
70150 
37386 
70154 
70157 
70158 
70164 
70175 
70179 
70192 
70197 
70204 
4687 
4689 
70235 
37470 
70254 
70256 
37502 
37531 
70322 
37564 
70332 
70333 
37567 
70355 
37592 
37595 
70379 
37633 
37635 
70419 
70431 
70434 
70460 
70463 
70470 
70487 
70511 
37748 
37754 
70522 
37766 
37770 
37773 
37776 
37781 
70552 
37790 
37796 
37799 
37802 
37805 
37811 
37823 
37826 
37833 
37836 
70612 
5079 
70615 
70627 
37860 
70630 
70632 
37867 
37870 
37873 
37877 
37880 
5115 
5117 
5119 
5121 
5123 
70659 
5125 
5127 
37896 
5129 
5131 
37899 
5133 
37902 
37904 
70672 
70674 
70676 
70678 
70681 
37914 
5147 
70684 
5149 
37918 
70686 
70688 
37922 
70690 
5157 
37926 
37930 
5165 
37934 
37938 
5175 
37950 
37954 
37958 
70730 
70732 
70734 
70736 
70745 
70747 
37980 
70771 
38008 
70781 
70783 
70785 
70787 
70789 
70805 
70808 
70837 
70840 
38097 
70866 
38104 
38112 
38120 
70888 
70894 
38128 
38136 
70910 
38144 
38176 
38181 
70955 
38199 
70969 
38210 
70981 
70984 
38226 
38239 
38251 
71030 
38267 
38271 
38278 
38281 
38291 
71065 
5535 
5537 
71082 
71088 
71104 
5573 
71110 
5575 
5577 
38346 
71127 
71133 
38371 
71148 
71154 
38390 
71179 
38412 
71203 
38438 
71209 
71227 
71232 
71241 
71243 
71245 
71247 
38493 
38504 
71315 
71349 
38590 
71360 
71366 
71368 
71377 
38610 
38611 
38617 
71393 
38637 
38665 
71436 
71439 
38683 
71471 
71479 
71482 
71491 
38729 
71499 
38732 
38734 
71502 
38737 
38739 
38740 
38742 
38745 
71514 
71516 
71520 
38755 
71525 
71527 
71529 
71531 
71533 
71538 
71547 
38786 
6019 
6021 
6023 
6035 
38806 
38810 
6045 
6047 
38816 
38820 
6057 
6059 
38828 
38830 
38832 
38834 
38839 
71607 
38849 
71617 
38852 
38854 
38856 
71625 
71632 
38867 
38872 
38875 
71644 
38877 
38879 
38881 
38883 
38885 
71657 
38891 
38893 
71670 
38909 
71683 
38923 
38926 
71697 
38967 
38975 
71744 
71750 
71756 
71762 
71768 
39004 
39008 
39011 
71780 
39013 
39022 
39024 
39027 
39034 
39036 
71808 
71820 
71827 
39085 
39093 
39096 
39098 
39107 
39108 
71883 
71887 
71891 
71895 
71899 
39135 
71909 
71913 
71921 
71923 
39166 
71941 
71948 
39182 
39184 
71954 
71961 
39208 
39210 
39247 
39258 
39260 
72030 
72054 
72063 
39315 
6562 
72105 
6574 
72113 
39394 
39409 
72178 
72179 
39412 
39414 
39424 
72222 
39487 
39493 
6758 
6768 
72308 
72310 
72323 
39561 
39564 
39570 
39576 
72346 
39580 
72349 
72351 
6816 
6818 
39598 
6833 
39603 
72373 
39606 
6843 
72382 
39618 
6851 
6859 
39628 
72398 
6869 
6871 
6879 
72434 
72438 
72441 
72445 
72447 
72449 
72451 
72453 
6918 
72463 
72471 
72473 
72475 
72477 
72479 
72481 
6948 
72489 
72491 
72493 
6980 
6982 
6984 
6986 
6988 
6990 
6992 
6994 
6996 
6998 
7000 
7002 
7004 
72557 
72589 
72591 
72593 
72595 
72597 
7075 
72647 
39882 
39890 
7129 
72671 
72674 
72676 
72684 
39926 
7176 
7182 
7184 
72730 
72733 
72735 
72737 
39974 
39977 
72747 
72772 
72774 
40010 
72778 
72784 
72785 
72788 
72793 
40034 
40044 
72816 
72819 
72856 
72859 
7337 
40107 
7351 
40122 
40125 
72894 
7360 
72897 
40134 
72904 
7372 
72908 
40142 
7384 
40154 
72941 
7413 
7415 
40218 
72994 
40228 
73032 
73065 
73069 
7538 
73079 
73117 
7612 
7620 
73157 
73159 
73186 
73189 
73191 
73193 
73195 
73204 
73206 
73233 
73234 
73239 
73242 
73257 
73266 
73267 
73273 
73280 
73284 
73297 
73304 
73308 
73343 
73347 
7820 
73364 
73369 
73380 
73394 
73397 
73400 
73403 
73412 
40665 
40667 
40683 
40685 
40687 
73456 
40689 
40691 
73459 
73461 
73470 
73475 
73480 
73482 
73488 
73490 
73492 
73495 
73501 
73511 
73532 
73537 
73541 
40795 
40807 
40809 
40811 
40813 
40815 
40817 
40819 
73588 
40821 
40823 
73591 
40825 
40827 
40829 
40831 
40833 
73601 
40835 
73605 
40841 
73611 
73614 
73616 
73618 
73620 
73634 
73652 
73655 
73673 
73677 
40913 
40915 
73711 
73714 
8185 
73724 
73727 
73741 
73748 
40994 
40996 
41000 
41028 
8295 
8297 
8299 
8301 
8303 
8305 
8307 
8309 
8311 
73864 
8345 
8347 
8349 
41136 
41146 
41162 
41183 
41185 
73953 
41187 
73962 
41197 
73966 
73973 
73983 
73985 
74010 
74032 
74035 
74056 
74061 
74070 
74072 
74074 
74156 
74159 
41397 
74170 
41405 
74174 
41413 
41421 
41431 
41458 
74226 
41460 
74228 
41468 
41478 
41486 
41496 
41506 
74276 
41516 
8766 
8776 
74341 
74345 
74359 
74363 
41598 
8854 
8856 
8859 
8862 
8868 
8871 
74407 
8874 
74411 
74414 
8879 
8883 
74421 
8887 
74424 
8891 
8895 
74431 
8898 
8902 
8906 
41678 
41681 
41684 
74468 
74474 
74478 
74483 
41718 
41722 
74490 
74500 
41736 
74510 
8977 
41746 
8980 
41750 
74519 
41753 
8988 
74525 
74526 
8993 
8997 
74534 
74535 
9001 
9003 
74539 
74540 
74541 
74547 
74550 
74553 
74556 
41791 
9027 
41799 
41805 
74580 
74583 
74590 
74594 
74596 
74598 
74605 
74610 
74618 
74620 
74622 
74624 
41859 
74648 
9134 
74672 
74675 
74678 
41913 
74682 
41917 
74685 
41939 
74709 
74715 
41949 
74717 
74719 
41959 
74727 
74765 
42026 
42029 
74802 
42039 
74820 
42054 
9291 
42061 
9294 
9301 
42070 
42079 
9313 
74852 
9317 
74855 
74857 
42092 
9325 
42099 
9333 
74870 
42106 
9340 
74887 
9358 
74894 
74898 
42133 
9371 
74910 
74917 
9386 
74923 
9388 
9390 
9392 
9394 
74931 
74937 
42185 
9420 
74959 
74962 
9432 
42212 
42215 
42217 
42225 
75008 
75011 
75020 
75034 
75081 
42317 
42326 
42330 
75102 
42339 
42342 
42345 
75158 
42396 
75165 
75167 
42402 
9635 
9643 
75186 
75190 
75209 
75212 
42468 
75259 
75261 
9727 
42511 
42515 
75283 
75285 
42518 
42520 
9754 
75296 
42537 
75307 
9776 
9779 
42565 
75344 
75353 
75355 
9826 
75362 
42596 
9829 
9840 
75378 
9843 
75380 
9854 
9857 
9860 
9866 
9869 
9882 
42657 
42672 
9908 
42679 
9912 
42707 
42710 
42714 
42718 
42721 
42737 
42749 
42754 
75523 
42756 
75527 
75530 
75533 
75536 
75538 
42771 
42773 
42776 
42779 
75550 
10019 
42787 
10022 
42790 
10025 
42794 
10028 
42799 
10032 
42805 
10039 
42807 
42809 
10043 
10047 
42819 
10052 
42821 
10070 
75607 
42840 
10073 
10076 
42844 
42875 
10133 
10136 
10139 
42922 
42925 
75694 
10191 
10193 
75729 
10195 
75764 
75767 
43000 
10246 
10248 
43033 
43043 
43046 
75814 
10280 
75817 
43050 
75820 
43053 
75823 
75826 
10294 
75830 
43063 
10297 
75834 
10299 
75836 
75838 
43075 
10308 
43078 
75847 
10314 
75850 
75852 
75854 
75856 
43090 
75858 
43092 
75860 
43095 
10341 
75887 
75888 
75889 
75891 
43125 
75894 
43127 
75897 
75899 
43135 
43159 
10398 
10401 
10404 
43175 
10408 
43180 
10421 
10424 
10427 
10430 
43218 
43220 
43222 
43234 
43242 
43245 
43250 
10503 
43278 
43287 
43326 
43328 
76098 
43337 
76113 
10579 
43354 
76124 
43357 
10590 
10600 
76136 
76142 
76146 
10611 
76149 
76152 
10617 
10619 
76155 
43390 
10625 
43394 
76163 
43397 
76166 
43399 
43420 
43424 
43427 
43428 
76196 
43430 
76199 
76203 
43436 
43448 
43463 
43472 
43477 
43481 
43485 
43488 
43492 
43495 
43500 
76268 
76272 
43506 
76275 
10741 
76277 
10744 
10748 
10752 
10755 
10759 
10775 
76311 
10780 
10786 
10788 
10793 
10796 
43569 
10802 
10805 
43573 
10808 
43577 
76345 
10811 
76348 
76350 
10818 
76354 
10820 
43589 
76361 
10830 
10842 
10848 
10856 
76393 
10859 
76396 
76398 
76400 
10870 
10882 
10886 
10894 
43664 
43668 
10901 
10903 
43671 
10905 
10907 
10909 
43678 
10911 
10913 
43681 
10915 
10917 
10919 
10929 
10931 
10933 
10935 
10937 
10939 
10941 
10943 
10945 
76482 
10947 
76486 
76489 
76491 
10959 
76499 
76504 
10970 
43740 
76515 
10982 
76518 
76521 
10992 
76534 
76538 
43774 
76573 
76578 
76591 
43831 
76600 
76603 
43843 
43863 
43867 
11101 
43870 
76638 
76640 
43877 
76645 
11118 
43894 
43896 
11130 
11132 
76672 
43906 
76675 
76677 
11143 
43912 
11146 
76687 
76706 
76709 
76711 
11177 
43949 
11183 
76719 
43952 
11185 
43955 
43956 
76738 
76741 
76743 
43979 
76751 
11234 
76771 
76774 
76776 
76784 
11249 
11252 
11274 
44043 
76830 
11314 
11321 
44101 
76869 
44104 
11347 
11355 
44124 
76900 
11365 
44133 
76903 
44137 
76905 
76908 
76912 
76940 
44175 
76955 
76959 
11424 
44194 
76962 
11432 
76968 
11435 
76971 
76973 
76975 
11440 
76977 
44210 
11443 
76979 
76981 
76985 
76986 
76990 
76994 
76998 
76999 
77003 
11470 
77007 
77017 
11482 
11486 
77022 
11489 
11491 
11501 
77039 
11504 
77045 
77058 
11528 
77068 
11543 
11546 
44319 
11563 
11566 
11592 
77146 
77151 
77160 
11625 
77162 
11628 
44402 
44413 
77197 
11663 
77200 
44433 
77202 
44443 
44446 
44456 
44461 
11695 
44468 
11701 
44470 
11704 
44472 
44474 
11707 
11710 
44479 
11718 
77254 
11726 
44507 
11740 
44510 
11743 
11746 
77283 
11749 
77287 
11752 
44520 
44522 
11755 
44524 
11758 
11769 
11771 
44539 
11773 
44542 
11775 
44544 
11777 
11779 
11781 
11783 
11785 
11787 
11789 
11791 
44561 
11803 
77344 
11812 
77349 
77352 
11822 
77365 
77369 
44621 
77395 
77397 
77399 
77401 
11867 
44638 
44641 
77410 
11875 
77415 
44661 
11906 
77451 
77455 
77458 
44694 
44697 
11937 
11940 
44713 
77482 
44716 
11967 
44736 
11972 
11975 
11982 
11989 
12001 
44790 
44794 
44798 
44802 
44805 
44807 
44809 
77577 
44813 
77586 
77589 
44825 
77593 
77596 
44832 
77607 
77609 
77611 
44844 
77613 
77615 
77617 
77619 
12089 
12094 
12097 
12100 
77640 
44902 
44903 
77714 
77716 
77720 
12186 
12189 
12192 
12194 
12196 
12198 
12200 
12202 
12204 
12206 
12209 
12214 
12223 
77760 
77763 
12229 
12233 
12241 
77786 
77808 
77819 
45053 
77822 
45056 
77825 
45059 
77829 
45062 
45066 
45069 
77839 
45073 
45077 
45080 
45084 
77867 
45100 
45102 
45104 
45106 
45108 
77877 
45110 
77879 
77881 
45117 
12358 
77894 
12362 
12365 
12367 
77915 
77917 
12386 
12389 
77926 
45171 
77944 
45179 
12413 
45185 
12419 
45187 
77967 
45204 
77976 
77978 
77980 
12453 
45225 
77997 
45231 
77999 
45233 
45241 
45244 
78018 
45259 
45265 
45267 
78035 
12503 
78040 
12509 
78059 
12525 
78063 
12529 
78066 
12531 
12532 
78076 
45317 
45327 
45329 
78149 
78151 
78159 
45395 
45398 
45401 
78169 
12634 
12636 
45404 
45407 
45410 
45413 
78184 
45421 
45424 
12657 
45427 
78195 
12662 
45430 
45433 
78207 
45444 
45447 
45453 
45456 
45459 
45473 
45477 
45478 
45482 
12716 
45486 
78254 
45487 
78257 
45490 
78259 
45492 
45494 
45496 
45497 
45502 
45504 
45506 
45507 
45510 
45512 
45514 
45516 
45518 
45520 
45521 
78293 
45526 
78295 
78297 
45530 
78299 
45533 
12766 
45535 
45537 
45539 
45541 
45543 
45545 
45547 
45549 
78320 
45555 
45559 
78329 
45568 
12804 
78341 
12808 
45577 
45581 
45583 
45586 
45588 
12828 
12830 
12832 
12834 
78370 
12836 
78373 
12842 
78378 
78381 
12848 
78384 
78388 
45622 
78391 
78392 
45625 
12859 
45628 
45632 
12867 
45643 
45649 
78417 
78420 
45653 
45659 
45661 
45665 
78450 
78452 
12923 
12930 
45698 
45699 
45705 
12940 
45708 
45713 
12948 
45716 
45717 
12950 
12952 
45720 
45721 
12955 
45724 
45725 
45728 
45729 
78504 
12969 
45738 
78506 
45740 
78508 
12973 
45743 
12976 
45745 
45748 
45750 
45752 
78521 
12986 
45761 
45764 
78533 
45769 
45772 
45774 
13007 
45776 
13016 
45784 
45786 
78555 
45790 
78558 
13024 
45792 
13026 
45795 
13028 
13035 
45803 
45807 
13040 
45815 
45820 
13053 
13057 
13060 
45831 
13071 
45844 
45846 
45850 
13083 
78621 
45854 
78625 
45858 
45860 
78628 
45864 
78632 
45866 
78634 
45868 
78636 
13102 
45870 
78639 
45872 
78641 
45874 
78645 
45878 
13112 
45880 
45882 
45884 
45887 
45888 
45890 
45893 
45895 
45897 
45899 
13132 
13135 
45903 
78671 
45905 
13139 
45907 
45909 
45912 
78681 
45914 
78683 
78685 
78687 
45927 
45933 
78704 
45937 
45942 
45946 
78721 
45957 
78725 
13192 
45961 
78729 
13196 
13199 
13201 
13211 
13228 
45996 
46015 
46017 
46019 
46026 
46030 
13263 
46041 
78810 
78814 
78817 
78822 
13289 
13291 
46062 
46065 
13306 
13322 
46096 
46099 
13348 
13351 
13358 
46126 
46129 
13365 
78902 
13368 
78905 
13371 
78909 
13374 
78915 
78919 
13386 
46162 
46172 
46175 
46183 
78955 
46188 
46199 
78968 
46202 
46204 
46206 
46210 
78979 
78981 
46216 
78984 
46222 
13459 
46228 
78999 
46236 
79006 
13476 
79012 
46247 
46260 
13495 
13498 
46269 
46278 
13517 
46290 
79069 
79071 
79087 
79091 
13558 
79095 
79098 
13565 
79101 
79104 
79106 
13572 
79114 
79116 
46350 
79119 
79122 
46355 
13590 
46360 
79132 
79134 
46368 
79138 
46373 
46375 
46390 
13626 
46394 
13629 
46397 
13631 
46401 
13652 
13654 
79192 
79196 
79200 
13666 
79204 
13669 
79208 
79212 
13677 
13683 
79219 
79223 
79225 
46465 
79234 
79239 
79266 
46522 
46525 
46527 
46530 
46533 
46538 
79309 
79312 
79314 
46555 
79323 
79324 
46557 
46561 
13800 
46568 
13809 
13811 
13813 
13821 
46611 
79380 
13861 
46631 
79400 
46635 
46641 
46642 
46643 
79420 
13898 
46671 
46679 
13914 
46682 
13942 
79495 
79497 
13967 
79507 
79509 
79511 
13978 
13988 
46760 
79531 
79533 
14001 
79558 
79566 
46799 
79568 
46802 
46804 
46806 
46808 
14047 
14059 
14081 
14094 
14098 
14111 
46884 
14118 
14126 
14128 
14137 
14140 
46917 
46928 
14166 
14169 
46938 
14171 
46943 
14177 
46946 
14181 
14184 
46954 
14187 
46956 
14190 
46958 
14192 
46960 
14194 
46962 
14196 
46964 
46966 
79740 
14205 
79741 
46975 
14214 
14216 
14225 
46999 
14232 
14234 
14236 
47012 
14249 
47026 
14260 
14266 
14274 
14277 
14279 
47050 
14284 
47054 
47067 
47073 
47080 
47084 
14317 
14320 
79858 
79860 
79861 
79862 
79863 
79864 
79865 
79866 
79867 
79868 
79869 
79870 
79871 
79872 
79873 
79874 
14339 
79875 
79876 
14345 
14350 
47128 
14363 
14367 
14370 
79908 
79909 
79910 
79911 
79912 
79913 
79914 
79915 
47148 
47150 
79918 
47152 
79920 
47154 
79923 
47156 
47158 
79926 
79930 
79932 
79936 
79937 
14409 
47179 
14417 
14425 
79962 
79964 
79966 
47200 
79968 
79970 
79973 
79977 
79978 
14445 
47213 
79981 
79982 
79983 
79984 
79985 
47218 
79986 
79987 
79988 
47223 
47244 
47248 
47258 
80033 
80035 
80036 
80037 
47271 
47282 
47289 
80059 
47292 
80060 
80061 
80062 
80063 
47296 
80064 
80066 
14543 
14563 
14574 
14595 
14599 
14603 
47371 
47413 
14648 
47419 
14656 
14664 
14667 
14669 
47444 
47449 
14683 
14685 
14687 
14689 
14691 
47463 
14706 
14708 
14710 
47479 
14712 
47481 
47489 
47492 
47494 
47496 
14750 
47550 
14797 
47578 
47583 
47589 
14828 
47600 
47612 
14846 
14849 
47623 
47625 
47631 
47634 
47637 
47641 
14877 
47646 
14881 
14888 
14890 
47697 
47710 
47726 
80513 
80515 
80517 
14990 
15000 
15011 
15017 
15020 
15023 
15027 
15031 
47819 
47825 
15100 
15103 
15108 
47885 
47892 
47896 
47899 
47907 
47910 
15158 
15177 
15184 
15218 
47987 
15221 
15223 
47992 
47994 
15227 
47998 
48001 
15235 
48004 
48007 
48008 
48011 
48032 
15267 
48042 
48045 
48047 
80826 
48073 
15307 
48076 
48078 
15311 
48100 
15337 
48152 
48191 
48201 
48204 
48208 
48211 
48259 
15581 
15583 
15593 
15601 
48376 
48395 
15645 
48418 
15655 
48424 
48429 
48466 
48469 
15702 
48476 
15710 
48479 
48481 
48492 
15726 
48508 
48553 
15788 
48561 
48570 
48580 
48583 
48603 
48606 
15848 
15849 
15851 
15853 
15855 
15859 
15863 
15875 
15879 
48650 
48652 
48654 
15895 
15898 
15905 
15909 
15912 
15914 
15919 
48693 
48708 
81484 
48721 
15956 
48730 
15963 
15965 
48733 
48737 
15978 
48748 
15981 
48751 
48755 
15990 
48770 
48779 
48809 
48813 
48816 
48818 
48821 
16100 
48873 
16111 
16115 
48898 
81691 
48924 
81693 
81694 
16165 
48941 
16177 
48953 
48956 
16199 
16202 
16203 
16204 
16207 
16214 
16225 
16228 
16231 
16232 
49009 
49031 
49035 
49041 
16274 
16277 
49068 
49078 
49081 
16321 
16359 
49128 
16361 
49134 
49146 
49149 
49165 
16404 
49174 
16407 
16425 
16427 
16429 
16431 
16433 
49203 
16436 
16465 
16468 
16477 
16484 
16494 
49262 
49266 
49272 
16507 
16510 
16512 
49281 
49285 
49287 
16520 
49289 
49291 
49293 
49295 
49307 
49309 
49324 
49326 
16560 
16583 
16586 
16589 
16594 
16598 
16601 
16603 
16605 
16607 
16609 
16613 
16616 
49388 
16622 
16624 
16629 
16631 
16637 
49408 
49414 
49417 
49419 
16654 
16665 
49448 
49450 
49509 
16742 
49512 
16753 
16756 
16758 
16795 
16799 
16803 
16815 
49588 
49591 
16824 
49597 
49600 
16834 
16844 
16870 
16884 
16888 
49658 
16891 
16893 
49663 
16911 
16912 
16913 
16914 
16915 
82492 
82493 
82496 
82499 
82509 
17027 
17030 
17032 
82573 
82574 
82575 
82576 
82577 
82578 
82579 
82580 
49824 
17058 
17061 
49830 
49836 
17071 
49861 
49863 
49865 
49871 
17109 
17111 
17116 
17123 
17126 
17135 
17139 
49911 
49913 
49923 
49931 
49932 
82708 
49945 
17188 
49966 
49997 
17231 
50010 
50042 
17299 
50072 
50076 
50079 
50081 
82871 
82883 
82884 
82885 
82886 
17351 
82887 
82888 
82889 
17354 
82890 
82891 
82892 
82893 
82894 
82895 
17360 
82896 
82897 
82898 
82901 
82902 
82903 
82904 
82905 
17370 
82906 
82908 
82910 
17378 
82917 
17382 
82920 
17385 
82921 
82922 
82923 
82924 
82925 
82926 
17396 
17399 
17406 
17418 
17421 
17428 
17436 
17444 
17448 
17451 
82987 
82989 
17454 
82990 
82991 
82992 
17457 
82993 
82995 
82998 
17463 
17472 
50242 
50250 
83018 
83020 
50253 
83022 
83024 
83026 
83027 
83030 
83033 
50293 
50299 
17552 
17555 
17564 
17567 
50341 
17575 
17577 
50345 
17581 
17590 
17594 
17597 
17599 
17633 
17635 
17637 
50417 
50418 
50426 
50428 
83196 
83197 
50430 
83198 
83199 
50432 
50434 
50435 
50437 
17670 
50442 
50444 
50446 
17679 
17680 
50448 
50450 
83226 
83227 
83228 
83229 
83230 
83231 
83232 
83233 
83234 
83235 
83236 
83237 
83238 
50471 
83239 
83240 
83241 
17707 
50476 
17710 
17716 
50484 
50486 
83257 
17723 
83259 
83260 
83261 
83262 
83265 
83266 
83267 
83270 
83273 
83274 
83275 
83276 
83277 
83278 
83281 
83282 
83290 
50523 
83293 
83296 
83297 
83298 
83299 
83300 
83301 
50536 
17776 
50544 
83314 
83315 
83316 
50550 
83319 
83321 
17786 
83323 
17788 
50558 
17797 
17799 
50568 
50571 
50574 
50587 
50590 
17823 
17837 
17841 
50613 
17850 
50618 
83391 
83392 
83393 
83394 
50628 
17861 
17873 
17877 
17881 
17885 
50654 
17889 
50660 
17899 
17904 
83441 
83442 
83445 
83446 
17911 
17913 
83451 
50692 
50698 
83466 
50723 
50725 
50728 
50730 
50732 
50734 
50736 
83504 
83507 
17990 
17996 
18008 
50781 
18018 
50787 
18020 
50793 
18039 
50809 
18042 
50815 
18049 
50820 
18053 
50822 
18055 
18060 
50834 
50838 
18073 
50851 
18101 
50869 
18103 
50871 
50873 
50876 
50879 
18114 
50884 
50887 
18123 
50894 
50897 
18132 
50921 
18160 
18163 
50941 
50946 
83725 
18191 
50961 
50975 
18212 
18233 
51010 
51033 
51042 
18275 
83831 
83832 
83833 
83837 
83838 
83839 
83840 
83841 
83842 
18310 
18314 
18319 
18324 
18328 
18330 
18332 
18342 
51112 
18351 
51124 
18359 
51128 
18362 
51142 
51150 
18392 
18404 
51172 
18416 
51187 
51190 
51194 
18428 
51198 
18434 
51202 
18440 
51215 
18449 
83988 
83991 
51224 
83993 
83994 
18459 
83995 
83996 
18461 
83997 
51230 
83998 
18465 
18468 
18472 
84016 
84017 
51250 
84020 
84022 
18499 
51272 
18506 
18508 
18513 
18517 
18520 
18522 
18528 
51303 
51306 
51308 
18546 
51327 
51330 
18563 
51332 
51351 
51354 
51356 
84129 
18595 
18601 
18606 
51375 
51380 
18618 
51396 
51411 
84183 
84184 
18685 
18693 
18705 
51473 
51477 
51491 
18733 
51505 
18739 
51513 
18756 
18764 
51539 
51545 
18788 
51557 
18795 
18798 
84336 
84337 
51573 
51602 
51604 
18837 
18850 
18859 
51645 
18879 
51657 
18891 
51667 
51669 
18911 
18912 
18929 
18943 
18945 
51717 
18953 
18955 
18964 
18969 
51752 
51755 
51774 
51799 
51806 
84575 
84576 
19043 
19047 
19063 
51838 
51850 
19086 
19130 
19136 
19142 
19144 
19146 
51916 
51927 
19160 
51934 
19171 
19176 
51945 
19181 
19192 
19199 
19241 
19273 
52042 
19278 
19287 
19289 
84827 
84828 
84829 
84830 
19295 
84831 
19298 
19319 
52089 
52093 
19328 
52101 
19335 
52103 
52105 
52107 
52109 
52129 
52133 
52147 
52149 
19382 
52153 
52159 
19395 
19406 
52185 
19418 
52188 
52206 
19439 
19444 
19446 
19458 
19468 
52237 
19471 
85011 
19477 
19478 
19481 
52249 
52252 
19485 
19487 
19488 
19491 
52259 
19493 
52261 
52265 
19499 
19501 
19505 
52273 
19507 
52276 
19509 
19511 
19513 
19515 
19517 
19519 
52292 
19529 
19531 
19535 
19537 
52316 
19549 
19553 
19555 
19557 
19561 
19563 
52334 
19567 
19569 
52338 
19577 
19578 
19581 
19583 
19585 
19587 
19592 
52360 
19593 
19596 
19600 
19601 
19606 
19610 
19611 
19612 
19616 
52386 
19620 
19621 
52389 
52391 
19626 
19627 
19630 
19634 
19635 
19640 
19641 
19644 
19645 
19648 
52419 
19652 
52422 
19656 
19659 
19662 
19671 
85210 
19675 
19679 
19683 
19686 
19690 
52460 
19701 
19714 
19715 
19719 
19725 
19729 
52498 
52501 
19735 
52504 
85273 
19738 
85274 
52507 
19741 
52510 
19745 
52513 
52515 
19749 
19758 
19761 
19766 
19769 
19771 
85318 
19785 
19787 
19799 
52577 
19813 
19816 
19819 
52587 
19825 
19828 
52598 
19832 
19836 
19840 
52611 
19844 
19848 
52616 
52621 
52624 
52627 
19862 
52630 
52633 
85403 
52636 
85404 
85405 
19870 
85406 
52639 
85407 
85408 
19873 
19894 
19897 
52667 
19901 
52669 
52671 
19905 
52673 
19907 
52675 
19909 
19911 
19913 
19915 
19917 
19919 
52688 
19921 
19923 
52691 
19925 
19927 
19929 
19931 
19933 
19935 
52704 
19937 
19939 
19941 
19943 
19945 
19947 
52715 
19949 
52717 
19951 
52719 
19953 
52721 
19955 
52723 
19957 
52725 
19959 
19961 
19963 
19965 
19967 
19969 
19971 
19973 
19975 
19977 
52745 
19979 
19981 
19983 
19985 
19987 
19989 
52757 
19991 
19993 
19995 
20015 
20017 
20019 
20021 
20023 
20025 
20027 
20029 
20031 
20033 
20035 
20037 
52807 
52813 
20046 
52814 
85609 
85611 
85612 
85613 
85614 
85615 
85616 
85619 
85620 
85621 
20096 
20110 
20130 
52912 
52917 
52925 
20166 
52936 
20169 
52940 
52991 
53051 
53072 
20305 
20308 
53096 
53117 
53123 
53129 
53132 
53133 
53134 
53142 
53145 
53148 
53150 
53170 
53174 
53177 
53179 
53185 
53195 
53229 
53230 
20476 
20478 
20480 
20482 
20484 
20486 
20488 
20490 
20492 
20494 
53270 
53272 
53274 
53277 
86047 
20513 
20515 
20517 
20519 
53298 
53302 
53303 
53310 
53313 
53320 
53332 
86129 
53366 
53368 
53379 
53382 
53384 
20643 
20657 
20659 
53436 
53469 
20709 
20723 
53492 
53495 
20743 
20746 
20748 
20756 
53535 
53544 
53551 
53561 
53567 
53576 
53583 
53592 
53609 
53612 
53616 
53621 
20863 
20866 
20869 
53641 
20874 
20878 
53647 
20883 
20886 
20888 
20891 
20893 
20894 
20896 
53665 
20898 
53671 
53684 
53690 
20927 
20931 
20934 
20976 
53753 
53756 
20993 
20994 
53766 
21018 
21038 
21049 
21059 
53836 
53839 
21072 
53843 
21076 
53847 
53849 
53856 
53858 
53860 
53864 
53868 
53871 
86641 
53874 
86642 
86643 
86644 
53877 
86645 
86646 
53879 
86647 
86648 
86649 
86650 
86651 
53893 
53899 
21135 
21137 
21141 
21143 
53912 
21145 
53914 
21148 
21150 
53919 
21152 
21154 
53922 
21156 
21158 
21160 
21162 
21164 
21166 
21168 
21172 
21176 
21189 
21194 
21202 
21215 
54002 
54016 
54020 
21256 
54024 
54028 
54036 
54039 
21291 
21296 
21298 
21316 
21325 
21329 
21332 
21335 
21340 
21344 
21348 
21349 
21352 
21356 
21364 
21367 
21376 
21381 
21385 
21402 
54171 
21405 
54173 
21408 
21414 
21416 
21422 
21433 
21435 
21437 
21439 
21441 
54215 
21449 
54217 
21452 
54221 
21457 
21460 
21462 
21463 
21466 
21468 
21469 
21472 
21479 
21482 
21492 
21494 
21498 
54269 
21503 
54273 
21509 
54284 
21518 
54289 
21523 
21526 
21531 
21535 
21539 
21543 
21546 
21549 
87085 
21554 
21563 
21571 
21588 
54356 
21590 
21592 
54384 
21646 
54415 
21650 
21653 
54430 
54433 
21669 
54437 
54459 
54464 
21698 
54467 
54474 
54478 
54506 
54517 
54519 
54521 
54537 
54541 
87346 
54583 
21818 
87363 
21838 
21841 
21843 
54621 
21854 
21857 
54625 
54629 
21863 
21865 
54637 
21912 
21916 
21920 
21925 
21932 
21934 
21936 
21940 
21942 
21946 
21948 
21956 
21958 
21959 
21962 
21983 
21985 
21994 
22001 
22016 
22023 
22030 
22033 
22047 
22051 
22054 
22056 
22057 
22060 
22062 
22066 
22068 
22077 
22079 
22081 
22086 
22089 
22092 
22095 
54867 
54869 
22103 
54871 
54873 
22107 
54875 
54877 
54879 
54881 
22119 
22121 
22123 
22125 
22127 
22129 
22131 
22133 
22135 
22137 
22139 
22141 
22143 
22145 
54914 
54916 
54918 
54920 
54922 
54924 
54930 
22192 
22206 
22214 
22228 
22234 
55007 
22253 
55023 
22256 
55025 
22296 
22306 
55081 
55090 
22325 
55153 
87966 
87967 
22436 
22439 
55225 
55228 
55249 
22498 
22513 
22517 
55315 
55318 
22552 
88118 
88119 
55358 
55360 
22631 
22640 
55409 
55411 
55420 
55455 
55458 
55462 
55474 
55483 
55489 
55492 
22751 
22760 
22787 
55556 
22802 
22805 
22818 
55586 
22840 
22850 
55621 
22856 
55624 
22884 
55652 
22888 
22894 
22896 
22900 
22901 
22910 
55683 
22920 
55698 
22937 
22942 
22949 
22952 
88490 
22955 
55723 
22957 
55725 
22959 
22961 
22968 
22972 
22977 
55751 
22984 
55759 
22996 
23012 
23015 
55783 
55786 
55788 
23050 
55820 
23053 
55823 
23056 
55825 
55833 
23068 
23070 
55840 
55848 
88629 
55872 
55875 
55877 
55894 
88682 
88693 
55937 
55939 
55941 
55943 
55988 
23235 
23244 
56039 
56042 
56051 
23292 
23295 
56072 
56084 
56100 
23336 
23339 
56108 
23343 
56119 
23358 
56130 
56138 
56141 
56145 
23379 
56154 
56156 
23389 
56160 
56164 
56167 
23400 
23406 
23408 
56180 
23413 
56182 
56196 
56199 
56204 
56207 
56210 
56213 
23473 
56241 
56244 
56246 
23481 
56258 
56259 
56330 
56336 
56360 
56363 
56381 
56389 
56399 
56419 
56422 
56424 
56455 
56469 
56476 
56479 
56492 
23791 
23799 
56581 
56584 
56587 
56590 
56598 
56602 
56604 
56606 
56608 
56610 
56634 
56636 
56637 
56639 
56641 
56644 
56647 
56649 
56656 
56661 
23906 
56675 
23914 
23920 
23928 
56700 
56706 
56726 
23960 
23967 
56736 
23977 
56746 
23980 
56749 
23985 
23988 
23991 
23994 
24002 
56787 
24020 
24030 
24038 
24056 
56845 
24078 
56847 
56849 
56851 
56853 
56855 
56864 
56867 
24100 
56875 
56876 
56885 
56888 
24122 
56892 
56896 
56905 
24144 
56914 
56920 
56923 
56927 
24166 
56939 
24172 
56943 
56951 
56953 
56955 
24188 
56957 
24194 
56962 
56966 
56974 
56977 
24210 
56980 
24216 
24234 
24240 
57010 
24251 
24254 
57025 
57029 
57033 
57045 
57057 
57122 
24358 
57130 
24367 
57144 
57156 
24400 
57168 
24404 
24407 
24412 
57182 
57186 
57189 
24425 
24441 
57212 
57215 
57245 
57248 
57255 
57267 
24531 
57301 
24544 
57312 
24547 
24554 
57324 
24562 
57356 
57363 
24598 
57366 
24607 
57396 
57402 
57408 
57418 
24656 
57425 
24659 
24662 
57433 
24680 
24683 
24686 
24690 
24697 
24708 
57477 
57479 
24717 
57487 
24720 
57492 
24738 
24739 
24748 
24758 
24779 
24782 
57555 
57559 
57570 
57572 
57574 
57576 
57578 
57584 
24817 
57588 
24827 
57597 
24830 
57604 
24853 
24856 
24858 
57626 
24860 
57628 
57630 
57632 
57634 
57646 
57649 
57651 
57653 
57655 
24889 
57664 
24898 
57666 
57689 
57698 
57734 
57737 
57739 
57760 
57777 
57785 
57790 
57792 
25025 
25028 
57800 
25034 
57803 
25040 
25044 
25048 
25051 
25074 
57844 
25089 
57874 
57890 
57893 
57896 
57900 
25136 
25139 
57911 
57913 
25147 
57916 
57918 
57922 
57927 
57930 
57932 
57933 
57938 
57982 
25225 
25231 
25237 
25242 
25247 
58015 
25249 
58018 
25251 
58021 
25254 
25256 
58025 
25259 
25263 
58033 
25266 
58040 
58065 
25304 
58090 
25335 
25355 
25359 
58142 
58161 
58171 
58173 
58175 
58177 
58179 
58181 
58183 
58185 
58187 
58189 
58203 
58207 
58208 
58209 
58212 
58214 
58221 
58223 
25491 
25497 
58273 
58276 
25523 
25534 
58305 
25539 
58311 
25547 
58315 
25558 
58330 
25572 
25575 
25578 
25582 
25586 
58364 
58366 
58393 
58396 
58398 
58400 
25650 
25658 
25673 
58444 
25694 
58466 
25707 
25709 
25717 
25723 
25731 
58505 
25741 
58510 
58511 
58513 
58515 
25749 
25759 
25762 
25789 
25792 
25797 
25804 
25807 
58577 
58580 
25813 
58582 
25816 
25819 
58587 
58598 
58601 
58603 
58622 
58643 
58646 
58648 
25887 
58658 
25899 
25907 
25909 
25911 
25913 
25915 
58685 
25925 
25929 
58723 
58727 
25977 
25983 
26008 
26023 
26025 
26028 
26030 
58798 
58802 
26035 
26052 
26054 
58823 
26058 
26059 
26072 
26078 
58848 
26081 
58863 
26111 
26118 
26123 
26125 
26140 
26143 
26146 
26155 
26161 
26179 
58947 
58951 
58954 
26187 
26190 
58961 
26199 
58967 
58970 
58980 
26213 
58982 
58984 
58986 
58988 
26222 
26225 
59028 
59048 
26306 
59076 
59080 
59084 
26330 
59100 
26333 
26335 
26371 
59142 
59146 
59171 
26435 
26438 
59209 
59216 
59218 
59226 
59229 
59231 
59249 
59252 
59254 
59273 
59276 
59278 
59285 
26555 
59343 
59345 
26580 
26582 
59356 
59359 
26592 
59361 
59376 
26612 
59381 
59391 
59396 
26646 
26648 
59425 
59428 
59440 
59460 
59463 
59465 
59469 
59492 
59501 
26745 
26792 
26828 
59606 
59609 
59613 
26848 
59623 
59628 
26871 
26874 
26876 
59655 
59675 
59682 
59684 
26918 
26921 
59692 
26928 
26932 
26943 
26992 
59760 
59762 
26995 
26997 
59766 
27000 
59768 
27004 
27007 
27008 
27010 
27013 
59782 
59784 
27017 
59786 
59788 
59791 
59794 
27029 
59797 
59800 
59802 
59804 
59806 
59808 
27067 
59841 
27080 
27102 
27103 
59893 
59895 
59897 
59899 
59902 
27140 
27150 
27160 
27163 
27167 
27171 
59941 
27175 
27179 
59949 
27183 
59951 
27187 
59991 
59993 
59994 
59996 
60014 
60027 
27273 
27285 
60077 
27326 
27330 
27333 
27335 
27337 
60105 
27339 
60109 
27343 
60112 
27347 
60116 
27350 
60118 
27353 
60122 
60124 
27359 
27367 
27373 
27378 
27385 
27390 
27392 
60186 
60188 
60191 
60193 
60194 
60208 
27469 
27472 
27479 
27481 
27483 
27488 
27489 
27491 
27518 
27529 
27539 
60322 
60329 
60335 
60340 
60342 
60348 
27583 
60352 
60355 
27589 
60358 
60361 
27594 
60363 
27597 
60365 
60367 
27600 
27609 
60395 
60401 
60406 
60409 
60411 
60415 
27653 
60423 
27657 
60425 
60427 
60429 
60431 
60434 
60437 
60440 
60442 
60446 
60450 
60470 
60483 
60522 
27924 
27926 
27936 
60739 
60751 
60753 
60755 
60757 
60759 
60761 
60763 
60790 
60792 
60794 
60796 
60798 
60800 
60814 
60817 
60925 
60959 
60962 
60968 
61019 
61021 
61023 
61025 
61027 
61066 
61070 
61081 
28324 
28334 
28336 
61190 
61198 
61200 
61203 
61210 
61212 
61214 
61216 
61222 
61226 
61230 
61235 
61237 
61239 
61253 
61256 
61267 
61272 
61300 
61304 
61309 
61415 
61428 
61429 
61460 
61470 
61472 
61481 
61487 
61521 
61527 
61540 
28784 
28786 
28804 
28806 
28808 
61576 
28810 
28812 
28814 
28816 
61602 
61606 
28845 
28893 
28895 
28902 
28906 
28908 
28926 
28928 
61753 
61755 
29027 
61798 
29039 
29055 
29057 
61838 
61840 
61843 
61846 
61848 
61864 
61877 
61880 
61884 
61887 
29135 
29137 
29139 
29145 
29147 
61924 
61941 
29177 
61954 
61957 
61959 
29193 
29195 
61967 
29216 
29254 
29285 
29315 
62084 
29317 
62087 
62090 
62101 
62105 
62125 
29379 
29381 
29391 
62163 
29404 
62174 
29412 
62180 
62183 
29420 
62194 
62206 
29480 
29492 
62260 
62278 
62283 
62292 
62294 
62301 
62311 
62318 
62321 
62323 
62325 
62327 
62330 
62332 
62336 
62339 
62340 
62344 
62346 
62348 
62351 
62354 
62359 
62385 
62388 
62400 
62404 
62409 
62412 
62415 
62421 
62454 
62463 
62466 
62475 
29708 
29710 
29712 
62481 
62483 
62491 
62494 
62497 
62508 
62525 
62528 
29762 
62530 
29764 
29766 
29768 
29770 
62549 
29782 
62552 
62554 
29803 
62573 
62578 
62602 
29835 
29841 
29843 
62618 
62620 
62622 
62636 
29875 
29877 
29879 
29887 
62667 
62682 
29943 
29945 
62741 
62849 
62851 
62853 
62855 
62863 
62865 
62867 
62880 
62883 
62895 
62897 
30185 
30187 
30195 
30203 
62973 
62977 
30211 
62986 
30223 
30235 
30245 
30270 
63044 
63050 
30283 
63053 
30286 
63055 
63058 
30296 
30317 
63087 
30326 
30333 
30336 
30338 
30340 
63108 
30353 
30361 
30363 
63135 
30368 
63139 
30390 
30393 
63176 
30411 
63183 
63197 
63207 
63209 
63213 
30454 
63225 
30460 
63235 
30478 
30488 
63273 
63275 
63277 
63279 
30512 
63281 
30522 
30524 
63295 
63298 
63300 
30534 
30539 
30543 
63313 
63316 
30561 
30573 
30580 
63348 
30583 
63352 
63356 
30589 
30592 
30595 
63372 
30609 
30612 
63380 
63382 
30615 
30618 
30621 
63390 
30624 
63392 
30627 
30644 
30647 
30649 
30650 
63419 
30668 
63437 
30670 
30672 
30674 
30676 
30678 
30680 
30682 
30684 
30686 
30688 
30700 
30708 
63478 
63481 
30721 
30726 
63498 
30731 
63508 
63520 
63523 
63532 
30766 
63546 
30783 
63551 
63555 
63557 
30791 
63559 
63561 
30810 
63602 
30888 
63660 
63669 
63676 
63685 
63687 
63714 
30968 
30971 
63747 
30984 
30987 
63757 
30990 
63760 
30993 
30996 
30999 
31011 
31013 
31015 
31027 
31048 
31067 
31117 
31121 
31124 
31126 
31136 
31150 
63922 
63925 
63929 
63943 
31179 
63955 
31198 
63981 
63987 
63990 
63994 
64006 
31240 
64012 
64015 
31259 
31262 
64039 
31273 
64042 
64046 
64049 
64051 
64064 
31297 
64067 
31300 
64069 
64071 
64080 
64083 
31321 
64091 
31324 
64092 
31326 
31334 
64122 
31357 
64125 
31359 
31379 
31382 
31384 
31387 
31391 
31394 
31396 
64170 
64173 
64176 
31409 
64181 
31428 
64202 
64205 
31452 
64227 
64229 
31471 
64248 
31515 
31521 
64290 
31524 
31534 
31537 
31541 
64311 
31544 
64314 
31547 
64316 
64318 
64320 
31561 
64337 
64339 
64341 
31580 
31594 
31609 
31628 
31642 
31657 
64431 
64443 
31676 
64447 
64451 
64453 
64455 
64459 
31705 
64477 
64480 
64482 
64484 
64486 
64488 
64490 
31724 
31744 
64517 
64521 
31758 
64529 
64532 
31777 
64562 
31809 
64577 
64592 
31828 
31844 
64612 
64614 
31847 
31849 
31854 
31860 
64647 
31898 
31908 
31910 
31912 
31914 
64685 
64687 
31924 
31926 
64703 
31947 
31950 
64728 
64735 
64737 
64801 
64804 
64806 
32055 
64829 
64831 
64839 
32078 
32081 
32083 
32102 
32107 
64880 
64886 
64889 
32127 
32132 
32149 
32152 
32174 
64955 
32188 
64963 
64965 
64967 
64971 
32212 
64982 
32216 
64989 
64991 
64996 
64998 
65002 
65006 
32239 
65010 
65012 
65014 
65016 
65018 
65020 
65022 
65024 
65027 
65030 
65035 
65039 
65042 
65045 
65048 
65051 
32294 
65062 
32297 
65065 
65067 
32301 
65069 
65071 
32305 
65073 
65075 
32308 
65077 
65079 
65081 
65083 
65085 
32319 
65088 
32322 
65090 
65092 
32327 
65095 
32330 
65098 
32334 
65103 
32336 
65105 
32338 
65107 
65110 
65112 
32346 
65114 
32349 
32352 
32357 
65125 
65130 
32363 
32365 
32374 
65143 
32377 
32380 
65157 
32397 
65168 
65183 
65188 
32435 
65213 
32452 
65238 
65247 
32480 
65249 
32486 
32489 
65258 
65260 
65264 
65268 
32503 
65274 
32515 
65286 
65298 
65302 
32544 
65313 
32547 
65320 
32561 
65334 
32567 
65336 
65338 
65346 
65349 
65352 
32587 
65356 
65362 
65372 
32606 
65374 
32615 
32619 
32622 
32624 
32631 
65402 
32640 
65408 
32643 
65425 
65441 
32687 
32690 
65463 
32697 
32703 
32709 
32711 
32724 
32727 
32751 
32757 
32760 
)

// ************************************************************************* //
