/*--------------------------------*- C++ -*----------------------------------*\
| =========                 |                                                 |
| \\      /  F ield         | foam-extend: Open Source CFD                    |
|  \\    /   O peration     | Version:     4.0                                |
|   \\  /    A nd           | Web:         http://www.foam-extend.org         |
|    \\/     M anipulation  |                                                 |
\*---------------------------------------------------------------------------*/
FoamFile
{
    version     2.0;
    format      ascii;
    class       faceSet;
    location    "constant/polyMesh/sets";
    object      inletSet_old;
}
// * * * * * * * * * * * * * * * * * * * * * * * * * * * * * * * * * * * * * //


190
(
80221 
80222 
80223 
80227 
80228 
80239 
80240 
80241 
80242 
80243 
80244 
80245 
80246 
80247 
80458 
80459 
80460 
80461 
80462 
80463 
80464 
80465 
80466 
80468 
80470 
80471 
80472 
80473 
80475 
80477 
80496 
80497 
80498 
80499 
80500 
80501 
80502 
80503 
80506 
80509 
80512 
80514 
80516 
80518 
80520 
80521 
80950 
80951 
80952 
80955 
80956 
80957 
80958 
80964 
80965 
80966 
80967 
80968 
80969 
80970 
80971 
80972 
80973 
80974 
80975 
80976 
80977 
80978 
80979 
80980 
80981 
80982 
80983 
80984 
80985 
80986 
80987 
80990 
80991 
80992 
81509 
81510 
81513 
81514 
81516 
81517 
81919 
81920 
81921 
81922 
81923 
81924 
81925 
81926 
81927 
81928 
81929 
81930 
82206 
82207 
82208 
82209 
82210 
82449 
82450 
82451 
82452 
82453 
82454 
82455 
82456 
82459 
82460 
82463 
82464 
82465 
82467 
82470 
82471 
82480 
82481 
82483 
82484 
82487 
82488 
82490 
82491 
82494 
82495 
82497 
82498 
82500 
82501 
82502 
82503 
82541 
82542 
82543 
82544 
82545 
82546 
82547 
82548 
82549 
82550 
82551 
82552 
82553 
82554 
82555 
82556 
82557 
82558 
82559 
82560 
82561 
82562 
82563 
82564 
83762 
83764 
83796 
83797 
83798 
83799 
83800 
83801 
83802 
83803 
83804 
83805 
83908 
83974 
83975 
83976 
83977 
83978 
83979 
83980 
83999 
84000 
84003 
84005 
84009 
84011 
84013 
84014 
84018 
84019 
84021 
)

// ************************************************************************* //
