/*--------------------------------*- C++ -*----------------------------------*\
| =========                 |                                                 |
| \\      /  F ield         | foam-extend: Open Source CFD                    |
|  \\    /   O peration     | Version:     4.0                                |
|   \\  /    A nd           | Web:         http://www.foam-extend.org         |
|    \\/     M anipulation  |                                                 |
\*---------------------------------------------------------------------------*/
FoamFile
{
    version     2.0;
    format      ascii;
    class       faceSet;
    location    "constant/polyMesh/sets";
    object      outletSet_old;
}
// * * * * * * * * * * * * * * * * * * * * * * * * * * * * * * * * * * * * * //


267
(
79858 
79860 
79861 
79862 
79863 
79864 
79865 
79866 
79867 
79868 
79869 
79870 
79871 
79872 
79873 
79874 
79875 
79876 
79908 
79909 
79910 
79911 
79912 
79913 
79914 
79915 
79918 
79920 
79923 
79926 
79930 
79932 
79936 
79937 
79962 
79964 
79966 
79968 
79970 
79973 
79977 
79978 
79981 
79982 
79983 
79984 
79985 
79986 
79987 
79988 
81919 
81920 
81921 
81922 
81923 
81924 
81925 
81926 
81927 
81928 
81929 
81930 
82206 
82207 
82208 
82209 
82210 
82449 
82450 
82451 
82452 
82453 
82454 
82455 
82456 
82459 
82460 
82463 
82464 
82465 
82467 
82470 
82471 
82480 
82481 
82483 
82484 
82487 
82488 
82490 
82491 
82494 
82495 
82497 
82498 
82500 
82501 
82502 
82503 
82541 
82542 
82543 
82544 
82545 
82546 
82547 
82548 
82549 
82550 
82551 
82552 
82553 
82554 
82555 
82556 
82557 
82558 
82559 
82560 
82561 
82562 
82563 
82564 
82883 
82884 
82885 
82886 
82887 
82888 
82889 
82890 
82891 
82892 
82893 
82894 
82895 
82896 
82897 
82898 
82901 
82902 
82903 
82904 
82905 
82906 
82908 
82910 
82917 
82920 
82921 
82922 
82923 
82924 
82925 
82926 
82987 
82989 
82990 
82991 
82992 
82993 
82995 
82998 
83018 
83020 
83022 
83024 
83026 
83027 
83030 
83033 
83195 
83196 
83197 
83198 
83199 
83226 
83227 
83228 
83229 
83230 
83231 
83232 
83233 
83234 
83235 
83236 
83237 
83238 
83239 
83240 
83241 
83259 
83260 
83261 
83262 
83265 
83266 
83267 
83270 
83273 
83274 
83275 
83276 
83277 
83278 
83281 
83282 
83290 
83293 
83296 
83297 
83298 
83299 
83300 
83301 
83314 
83315 
83316 
83319 
83321 
83323 
83762 
83764 
83796 
83797 
83798 
83799 
83800 
83801 
83802 
83803 
83804 
83805 
83908 
83958 
83974 
83975 
83976 
83977 
83978 
83979 
83980 
83988 
83989 
83991 
83993 
83994 
83995 
83996 
83997 
83998 
83999 
84000 
84003 
84005 
84009 
84011 
84013 
84014 
84016 
84017 
84018 
84019 
84020 
84021 
84022 
)

// ************************************************************************* //
